/**:
  ros__parameters:

    origin_latitude: 49.90000010022057
    origin_longitude: 8.900000304717647

    peg_A:
      latitude: 49.90003227516326
      longitude: 8.899956219604325

    peg_B:
      latitude: 49.90000470401652
      longitude: 8.89994553616028
  
    peg_C:
      latitude: 49.89998381891777
      longitude: 8.899978564376983

    peg_D:
      latitude: 49.90001471436836
      longitude: 8.899990252377338
  
    peg_E:
      latitude: 49.900026830087526
      longitude: 8.900024049357661

    peg_F:
      latitude: 49.89999732019855
      longitude: 8.900012822919749
