/**:
  ros__parameters:

    origin_latitude: 49.90000010022057
    origin_longitude: 8.900000304717647

    x: 6.136689
    y: -0.585356
    z: 0.028973
    yaw: -3.101114
