/**:
  ros__parameters:

    origin_latitude: 49.90000010022057
    origin_longitude: 8.900000304717647

    x: 6.085959
    y: 0.664742
    z: 0.028982
    yaw: -3.103652

